No   Time    G  PAR    F1   F2   F3   F4   Fm1  Fm2  Fm3  Fm4    Y1   Y2   Y3   Y4
 1 17:30:37  2    8   421  273  424  359   943  650  939  815  0.55 0.58 0.55 0.56
 2 17:30:58  2    8   424  274  427  361   917  631  910  793  0.54 0.57 0.53 0.54
 3 17:31:38  2    8   421  272  423  358   910  627  904  788  0.54 0.57 0.53 0.55
 4 17:33:39  2    8   402  258  405  343   885  608  880  766  0.55 0.58 0.54 0.55
 5 17:36:40  2    8   393  253  396  335   871  597  867  754  0.55 0.58 0.54 0.56
 6 17:37:00  2  764   608  399  592  515   842  571  829  723  0.28 0.30 0.29 0.29
 7 17:37:20  2    8   416  267  416  352   844  577  836  731  0.51 0.54 0.50 0.52
 8 17:38:00  2  764   663  439  647  561   864  587  852  740  0.23 0.25 0.24 0.24
 9 17:38:20  2    8   439  283  438  370   857  586  847  739  0.49 0.52 0.48 0.50
10 17:39:00  2  764   688  457  671  581   874  595  864  747  0.21 0.23 0.22 0.22
11 17:39:20  2    8   458  296  455  385   867  593  856  746  0.47 0.50 0.47 0.48
12 17:41:21  2  764   717  478  699  604   881  597  864  750  0.19 0.20 0.19 0.19
13 17:41:41  2    8   488  317  483  408   862  589  850  740  0.43 0.46 0.43 0.45
14 17:43:41  2  764   706  472  689  595   850  579  837  723  0.17 0.18 0.18 0.18
15 17:44:01  2    8   498  322  487  412   832  568  820  713  0.40 0.43 0.41 0.42
16 17:46:02  2  764   685  457  669  577   818  555  804  699  0.16 0.18 0.17 0.17
17 17:46:22  2    8   488  318  482  408   798  544  787  684  0.39 0.42 0.39 0.40