No   Time    G  PAR    F1   F2   F3   F4   Fm1  Fm2  Fm3  Fm4    Y1   Y2   Y3   Y4
 1 11:40:43  4    8   583  275  444  404  1100  576  875  800  0.47 0.52 0.49 0.50
 2 11:41:04  4    8   675  324  510  464  1114  583  880  813  0.39 0.44 0.42 0.43
 3 11:41:45  4    8   672  323  511  466  1114  584  888  819  0.40 0.45 0.42 0.43
 4 11:43:45  4    8   659  317  502  459  1155  598  908  843  0.43 0.47 0.45 0.46
 5 11:46:46  4    8   626  297  473  431  1091  562  857  789  0.43 0.47 0.45 0.45
 6 11:47:06  4  564   827  411  633  588  1063  551  835  775  0.22 0.25 0.24 0.24
 7 11:47:26  4    8   673  324  517  469  1048  538  825  765  0.36 0.40 0.37 0.39
 8 11:48:07  4  564   792  393  614  569   979  508  784  728  0.19 0.23 0.22 0.22
 9 11:48:27  4    8   654  313  501  454   993  510  789  729  0.34 0.39 0.37 0.38
10 11:49:07  4  564   787  390  605  560   971  506  776  719  0.19 0.23 0.22 0.22
11 11:49:27  4    8   651  312  496  450   996  514  789  731  0.35 0.39 0.37 0.38
12 11:51:28  4  564   773  377  582  539   969  498  760  705  0.20 0.24 0.23 0.24
13 11:51:48  4    8   638  303  482  435  1000  509  779  719  0.36 0.40 0.38 0.39
14 11:53:48  4  564   776  380  580  538   982  503  759  706  0.21 0.24 0.24 0.24
15 11:54:08  4    8   635  301  473  427  1003  507  769  711  0.37 0.41 0.38 0.40
16 11:57:09  4  564   747  365  555  516   950  487  732  683  0.21 0.25 0.24 0.24
17 11:57:29  4    8   618  294  459  416   981  499  751  697  0.37 0.41 0.39 0.40